[HEADER]
GameClass=Character
LockINI=none
Blend=none
BlendAmount=0
UseLighting=Vert
TransparentColor=16776960
ImagePacking=IndividualFrames
Highlightable=Yes
CollisionHeight=101
CollisionOffset=70
CollisionRadius=22
Shadow=Complex
ShadowColor=0
FrameMultiplier=2
ImageWidth=148
ImageHeight=130
Actions=Run,Attack1,Attack2,Attack3,Attack4,Dodge1,Dodge2,Slide,Cast,Death,Fall,Getup,Pain,Quake,Throw,Walk,Overhead,Stand,AttackStance
EditorImage=1077

[Action Run]
NWFrames=1,2,3,4,5,6,7,8,LOOP
NNFrames=9,10,11,12,13,14,15,16,LOOP
NEFrames=17,18,19,20,21,22,23,24,LOOP
EEFrames=25,26,27,28,29,30,31,32,LOOP
SEFrames=33,34,35,36,37,38,39,40,LOOP
SSFrames=41,42,43,44,45,46,47,48,LOOP
SWFrames=49,50,51,52,53,54,55,56,LOOP
WWFrames=57,58,59,60,61,62,63,64,LOOP
MovementPerFrame=10
FrameMultiplier=2

[Action Attack1]
NWFrames=65,66,67,68,69,70,71,72,END
NNFrames=73,74,75,76,77,78,79,80,END
NEFrames=81,82,83,84,85,86,87,88,END
EEFrames=89,90,91,92,93,94,95,96,END
SEFrames=97,98,99,100,101,102,103,104,END
SSFrames=105,106,107,108,109,110,111,112,END
SWFrames=113,114,115,116,117,118,119,120,END
WWFrames=121,122,123,124,125,126,127,128,END
MovementPerFrame=0
TriggerFrame=6
FrameMultiplier=1

[Action Attack2]
NWFrames=129,130,131,132,133,134,135,136,END
NNFrames=137,138,139,140,141,142,143,144,END
NEFrames=145,146,147,148,149,150,151,152,END
EEFrames=153,154,155,156,157,158,159,160,END
SEFrames=161,162,163,164,165,166,167,168,END
SSFrames=169,170,171,172,173,174,175,176,END
SWFrames=177,178,179,180,181,182,183,184,END
WWFrames=185,186,187,188,189,190,191,192,END
MovementPerFrame=0
TriggerFrame=6
FrameMultiplier=1

[Action Attack3]
NWFrames=193,194,195,196,197,198,199,200,END
NNFrames=201,202,203,204,205,206,207,208,END
NEFrames=209,210,211,212,213,214,215,216,END
EEFrames=217,218,219,220,221,222,223,224,END
SEFrames=225,226,227,228,229,230,231,232,END
SSFrames=233,234,235,236,237,238,239,240,END
SWFrames=241,242,243,244,245,246,247,248,END
WWFrames=249,250,251,252,253,254,255,256,END
MovementPerFrame=0
TriggerFrame=6
FrameMultiplier=1

[Action Attack4]
NWFrames=257,258,259,260,261,262,263,264,END
NNFrames=265,266,267,268,269,270,271,272,END
NEFrames=273,274,275,276,277,278,279,280,END
EEFrames=281,282,283,284,285,286,287,288,END
SEFrames=289,290,291,292,293,294,295,296,END
SSFrames=297,298,299,300,301,302,303,304,END
SWFrames=305,306,307,308,309,310,311,312,END
WWFrames=313,314,315,316,317,318,319,320,END
MovementPerFrame=0
TriggerFrame=6
FrameMultiplier=1

[Action Dodge1]
NWFrames=321,322,323,324,325,326,327,328,329,330,331,332,END
NNFrames=333,334,335,336,337,338,339,340,341,342,343,344,END
NEFrames=345,346,347,348,349,350,351,352,353,354,355,356,END
EEFrames=357,358,359,360,361,362,363,364,365,366,367,368,END
SEFrames=369,370,371,372,373,374,375,376,377,378,379,380,END
SSFrames=381,382,383,384,385,386,387,388,389,390,391,392,END
SWFrames=393,394,395,396,397,398,399,400,401,402,403,404,END
WWFrames=405,406,407,408,409,410,411,412,413,414,415,416,END
FrameMultiplier=1
MovementPerFrame=0

[Action Dodge2]
NWFrames=321,322,323,324,325,326,327,328,329,330,331,332,END
NNFrames=333,334,335,336,337,338,339,340,341,342,343,344,END
NEFrames=345,346,347,348,349,350,351,352,353,354,355,356,END
EEFrames=357,358,359,360,361,362,363,364,365,366,367,368,END
SEFrames=369,370,371,372,373,374,375,376,377,378,379,380,END
SSFrames=381,382,383,384,385,386,387,388,389,390,391,392,END
SWFrames=393,394,395,396,397,398,399,400,401,402,403,404,END
WWFrames=405,406,407,408,409,410,411,412,413,414,415,416,END
FrameMultiplier=1
MovementPerFrame=0

[Action Slide]
NWFrames=417,418,419,420,421,END
NNFrames=422,423,424,425,426,END
NEFrames=427,428,429,430,431,END
EEFrames=432,433,434,435,436,END
SEFrames=437,438,439,440,441,END
SSFrames=442,443,444,445,446,END
SWFrames=447,448,449,450,451,END
WWFrames=452,453,454,455,456,END
MovementPerFrame=0

[Action Cast]
NWFrames=457,458,459,460,461,462,463,464,465,466,467,468,END
NNFrames=469,470,471,472,473,474,475,476,477,478,479,480,END
NEFrames=481,482,483,484,485,486,487,488,489,490,491,492,END
EEFrames=493,494,495,496,497,498,499,500,501,502,503,504,END
SEFrames=505,506,507,508,509,510,511,512,513,514,515,516,END
SSFrames=517,518,519,520,521,522,523,524,525,526,527,528,END
SWFrames=529,530,531,532,533,534,535,536,537,538,539,540,END
WWFrames=541,542,543,544,545,546,547,548,549,550,551,552,END
MovementPerFrame=0
TriggerFrame=8

[Action Death]
NWFrames=553,554,555,556,557,558,559,560,561,562,563,564,END
NNFrames=565,566,567,568,569,570,571,572,573,574,575,576,END
NEFrames=577,578,579,580,581,582,583,584,585,586,587,588,END
EEFrames=589,590,591,592,593,594,595,596,597,598,599,600,END
SEFrames=601,602,603,604,605,606,607,608,609,610,611,612,END
SSFrames=613,614,615,616,617,618,619,620,621,622,623,624,END
SWFrames=625,626,627,628,629,630,631,632,633,634,635,636,END
WWFrames=637,638,639,640,641,642,643,644,645,646,647,648,END
MovementPerFrame=0
FrameMultiplier=1

[Action Fall]
NWFrames=553,554,555,556,557,558,559,560,561,562,563,564,END
NNFrames=565,566,567,568,569,570,571,572,573,574,575,576,END
NEFrames=577,578,579,580,581,582,583,584,585,586,587,588,END
EEFrames=589,590,591,592,593,594,595,596,597,598,599,600,END
SEFrames=601,602,603,604,605,606,607,608,609,610,611,612,END
SSFrames=613,614,615,616,617,618,619,620,621,622,623,624,END
SWFrames=625,626,627,628,629,630,631,632,633,634,635,636,END
WWFrames=637,638,639,640,641,642,643,644,645,646,647,648,END
FrameMultiplier=1
MovementPerFrame=0

[Action Getup]
NWFrames=649,650,651,652,653,654,655,656,657,658,659,660,END
NNFrames=661,662,663,664,665,666,667,668,669,670,671,672,END
NEFrames=673,674,675,676,677,678,679,680,681,682,683,684,END
EEFrames=685,686,687,688,689,690,691,692,693,694,695,696,END
SEFrames=697,698,699,700,701,702,703,704,705,706,707,708,END
SSFrames=709,710,711,712,713,714,715,716,717,718,719,720,END
SWFrames=721,722,723,724,725,726,727,728,729,730,731,732,END
WWFrames=733,734,735,736,737,738,739,740,741,742,743,744,END
MovementPerFrame=0

[Action Pain]
NWFrames=745,746,747,748,749,750,751,752,753,754,755,756,END
NNFrames=757,758,759,760,761,762,763,764,765,766,767,768,END
NEFrames=769,770,771,772,773,774,775,776,777,778,779,780,END
EEFrames=781,782,783,784,785,786,787,788,789,790,791,792,END
SEFrames=793,794,795,796,797,798,799,800,801,802,803,804,END
SSFrames=805,806,807,808,809,810,811,812,813,814,815,816,END
SWFrames=817,818,819,820,821,822,823,824,825,826,827,828,END
WWFrames=829,830,831,832,833,834,835,836,837,838,839,840,END
MovementPerFrame=0

[Action Quake]
NWFrames=841,842,843,844,845,846,847,848,849,850,851,852,END
NNFrames=853,854,855,856,857,858,859,860,861,862,863,864,END
NEFrames=865,866,867,868,869,870,871,872,873,874,875,876,END
EEFrames=877,878,879,880,881,882,883,884,885,886,887,888,END
SEFrames=889,890,891,892,893,894,895,896,897,898,899,900,END
SSFrames=901,902,903,904,905,906,907,908,909,910,911,912,END
SWFrames=913,914,915,916,917,918,919,920,921,922,923,924,END
WWFrames=925,926,927,928,929,930,931,932,933,934,935,936,END
MovementPerFrame=0

[Action Walk]
NWFrames=937,938,939,940,941,942,943,944,945,946,947,948,LOOP
NNFrames=949,950,951,952,953,954,955,956,957,958,959,960,LOOP
NEFrames=961,962,963,964,965,966,967,968,969,970,971,972,LOOP
EEFrames=973,974,975,976,977,978,979,980,981,982,983,984,LOOP
SEFrames=985,986,987,988,989,990,991,992,993,994,995,996,LOOP
SSFrames=997,998,999,1000,1001,1002,1003,1004,1005,1006,1007,1008,LOOP
SWFrames=1009,1010,1011,1012,1013,1014,1015,1016,1017,1018,1019,1020,LOOP
WWFrames=1021,1022,1023,1024,1025,1026,1027,1028,1029,1030,1031,1032,LOOP
MovementPerFrame=4

[Action Throw]
NWFrames=1033,1034,1035,1036,1037,END
NNFrames=1038,1039,1040,1041,1042,END
NEFrames=1043,1044,1045,1046,1047,END
EEFrames=1048,1049,1050,1051,1052,END
SEFrames=1053,1054,1055,1056,1057,END
SSFrames=1058,1059,1060,1061,1062,END
SWFrames=1063,1064,1065,1066,1067,END
WWFrames=1068,1069,1070,1071,1072,END
MovementPerFrame=0
TriggerFrame=2

[Action Overhead]
NWFrames=1033,END
NNFrames=1038,END
NEFrames=1043,END
EEFrames=1048,END
SEFrames=1053,END
SSFrames=1058,END
SWFrames=1063,END
WWFrames=1068,END
MovementPerFrame=0
TriggerFrame=2

[Action Stand]
NWFrames=1073,END
NNFrames=1074,END
NEFrames=1075,END
EEFrames=1076,END
SEFrames=1077,END
SSFrames=1078,END
SWFrames=1079,END
WWFrames=1080,END
MovementPerFrame=0

[Action AttackStance]
NWFrames=1081,1082,1083,1084,1085,END
NNFrames=1086,1087,1088,1089,1090,END
NEFrames=1091,1092,1093,1094,1095,END
EEFrames=1096,1097,1098,1099,1100,END
SEFrames=1101,1102,1103,1104,1105,END
SSFrames=1106,1107,1108,1109,1110,END
SWFrames=1111,1112,1113,1114,1115,END
WWFrames=1116,1117,1118,1119,1120,END
FrameMultiplier=10

